1002962201143611433,1002962201143611433
101191992275195811,101191992275195811
1019764771402762021,1019764771402762021
1022639809332540793,1022639809332540793
1040592507814555519,1040592507814555519
1042560371100523462,1042560371100523462
1051565782616332241,1051565782616332241
1056200323448067455,1056200323448067455
10619078393418012,10619078393418012
1062436067931825145,1062436067931825145
1072955823138642917,1072955823138642917
1088487393677834992,1088487393677834992
1088633451869919308,1088633451869919308
1096946174462316273,1096946174462316273
1097065710422252487,1097065710422252487
1106620394328884295,1106620394328884295
1109142781383604887,1109142781383604887
1111633570866017868,1111633570866017868
1113658984475547544,1113658984475547544
1117825800535076028,1117825800535076028
1120482695267754302,1120482695267754302
1124415356199580034,1124415356199580034
1159609693786188999,1159609693786188999
117080849370101716,117080849370101716
1174197617434383019,1174197617434383019
1175688438943080231,1175688438943080231
117584201241706771,117584201241706771
1181425846066049085,1181425846066049085
118326097538863577,118326097538863577
1183880624961550618,1183880624961550618
1193909793533201447,1193909793533201447
1228437685436585703,1228437685436585703
123447412108605620,123447412108605620
1252905408061432645,1252905408061432645
1253913652536058671,1253913652536058671
125678685082979991,125678685082979991
125708104167358700,125708104167358700
1272022175570136321,1272022175570136321
1275809916573841754,1275809916573841754
128057704792592936,128057704792592936
1304684174698330427,1304684174698330427
1305032616962044191,1305032616962044191
131878009126263885,131878009126263885
1319277778968527989,1319277778968527989
132933640396851040,132933640396851040
1341805848028690719,1341805848028690719
1343272870095747219,1343272870095747219
1345432959543695434,1345432959543695434
1354047051483058769,1354047051483058769
1358918553420955966,1358918553420955966
1367062076103338191,1367062076103338191
1368030625487612976,1368030625487612976
138329133630740874,138329133630740874
1384448373098556673,1384448373098556673
1415277858262131901,1415277858262131901
1416175105298514330,1416175105298514330
1418807186347694117,1418807186347694117
1420578094022948572,1420578094022948572
1437125615239372707,1437125615239372707
1437265614351630475,1437265614351630475
1447380784287796369,1447380784287796369
1451047659440025548,1451047659440025548
1456297494522561712,1456297494522561712
1457941807757217148,1457941807757217148
1463259146841014311,1463259146841014311
1466612755659755778,1466612755659755778
1467890215818393828,1467890215818393828
1471171275899979083,1471171275899979083
1472563060692656808,1472563060692656808
149026220248085029,149026220248085029
1492824478450244179,1492824478450244179
1496649413191843738,1496649413191843738
1501023307138921738,1501023307138921738
1503447356075579122,1503447356075579122
1519072737310106360,1519072737310106360
152086432995730350,152086432995730350
1523234975040959755,1523234975040959755
1523928067872974670,1523928067872974670
1566337000739598382,1566337000739598382
1571599323217577819,1571599323217577819
157430885499839616,157430885499839616
1576841023705296169,1576841023705296169
1591275371073915423,1591275371073915423
1607942250358632100,1607942250358632100
1608192181709383194,1608192181709383194
1609445094256886406,1609445094256886406
1625157861283955808,1625157861283955808
1641994928659371466,1641994928659371466
1646619138257609183,1646619138257609183
165104117513734567,165104117513734567
1666596883591240869,1666596883591240869
1682156627327346106,1682156627327346106
1692805312860504969,1692805312860504969
1700847294962528146,1700847294962528146
1703075907102438522,1703075907102438522
1706409096590205457,1706409096590205457
1721280476542947352,1721280476542947352
1738314806499972286,1738314806499972286
1768507724373244702,1768507724373244702
1781699059107616752,1781699059107616752
1792183738869722499,1792183738869722499
1803907737236930232,1803907737236930232
1810679911588108558,1810679911588108558
1828764088636637987,1828764088636637987
1830045326893200360,1830045326893200360
1838496903387306887,1838496903387306887
1847686531068735352,1847686531068735352
1848444981214889938,1848444981214889938
1848608812391090925,1848608812391090925
1850024237779730158,1850024237779730158
1853336838395162070,1853336838395162070
1854987592355549587,1854987592355549587
185675051946862441,185675051946862441
1859410730343765371,1859410730343765371
1871581867412284621,1871581867412284621
187788579752417950,187788579752417950
1896880317594822638,1896880317594822638
1919488455448734918,1919488455448734918
1937923769064073011,1937923769064073011
1944870461396939219,1944870461396939219
1947966014190350817,1947966014190350817
1950216701380494549,1950216701380494549
1957223582937624609,1957223582937624609
1959231117845897636,1959231117845897636
1984950388170308755,1984950388170308755
1994977869028886552,1994977869028886552
1996272068884981343,1996272068884981343
1998113594010160580,1998113594010160580
2003356947503563333,2003356947503563333
2007362660370334619,2007362660370334619
2013044745919833381,2013044745919833381
2024826545039308181,2024826545039308181
2042512014542113746,2042512014542113746
2063887706221068109,2063887706221068109
2065126860154682863,2065126860154682863
2094949538731857110,2094949538731857110
209886028815795217,209886028815795217
2100216084377001636,2100216084377001636
2121630045455492207,2121630045455492207
2122030840728201389,2122030840728201389
2125587857077117005,2125587857077117005
2151125680472031902,2151125680472031902
2159735478512111568,2159735478512111568
2169654631303474097,2169654631303474097
2177161634567036051,2177161634567036051
2178579883754218746,2178579883754218746
2191429616963071091,2191429616963071091
2193872401945830516,2193872401945830516
2195374858662233095,2195374858662233095
2195808545541622143,2195808545541622143
2201400799049481046,2201400799049481046
2203676430729667319,2203676430729667319
2240592795777214334,2240592795777214334
2247672555852525540,2247672555852525540
2247861337349539062,2247861337349539062
2257987559115769368,2257987559115769368
2264647726000932636,2264647726000932636
2313176696667269396,2313176696667269396
2314092440416665610,2314092440416665610
2330736298559219674,2330736298559219674
2351599772298207126,2351599772298207126
2360666518203594703,2360666518203594703
2364179251272765869,2364179251272765869
2370621354183128956,2370621354183128956
2370696096928165799,2370696096928165799
2375360117785985414,2375360117785985414
2381633106084115518,2381633106084115518
2395511020152000588,2395511020152000588
2406755448892496412,2406755448892496412
241265423332445776,241265423332445776
2421445509724066290,2421445509724066290
2427116054821753090,2427116054821753090
2429382598165378358,2429382598165378358
24361075199965866,24361075199965866
2443203787765033090,2443203787765033090
2454506039232356680,2454506039232356680
2458273925932593516,2458273925932593516
2468845980962064440,2468845980962064440
2476106053847879657,2476106053847879657
2484608236185653189,2484608236185653189
248816652624344162,248816652624344162
2495477811195056194,2495477811195056194
2505479320002182182,2505479320002182182
2509115623249976657,2509115623249976657
2512996181683922640,2512996181683922640
2514427741549171881,2514427741549171881
2531880641310573083,2531880641310573083
2540230678539918226,2540230678539918226
2544005034714232475,2544005034714232475
2551932094022460804,2551932094022460804
2552782054854281464,2552782054854281464
2559904339896917067,2559904339896917067
2563283274848037985,2563283274848037985
2566801038654229663,2566801038654229663
2571054377349472693,2571054377349472693
2572652051820535896,2572652051820535896
2577393385252850845,2577393385252850845
2578159100342413009,2578159100342413009
2582112221586303941,2582112221586303941
2593660694968946113,2593660694968946113
2606173973945793560,2606173973945793560
2609377025447321225,2609377025447321225
2615197157512720791,2615197157512720791
2616487956845523151,2616487956845523151
2618942847726644104,2618942847726644104
2621061789172309850,2621061789172309850
2629546399253349622,2629546399253349622
263334404954106816,263334404954106816
2633761440769564126,2633761440769564126
264778346636823850,264778346636823850
2650989242443602562,2650989242443602562
2652906862378853648,2652906862378853648
2654233091724700519,2654233091724700519
2661025851474967169,2661025851474967169
2677752399892842866,2677752399892842866
2690984421418439773,2690984421418439773
2691179987607250730,2691179987607250730
269529329534346048,269529329534346048
2696338715659858161,2696338715659858161
2715367610984024663,2715367610984024663
2715799862622122609,2715799862622122609
2716448871354087023,2716448871354087023
2716979376482097787,2716979376482097787
2724193793308336303,2724193793308336303
2726972265758029635,2726972265758029635
2728699642994672175,2728699642994672175
2732993639478207750,2732993639478207750
2748397317546409646,2748397317546409646
2749715860636244902,2749715860636244902
2771451257159871983,2771451257159871983
2773089143393535340,2773089143393535340
2789681692429467607,2789681692429467607
2803677493890984400,2803677493890984400
2810387612760929976,2810387612760929976
2821055463975374152,2821055463975374152
2829436392357441587,2829436392357441587
2839611874594730111,2839611874594730111
2857719099757811990,2857719099757811990
2875252971127638467,2875252971127638467
2875865714242793439,2875865714242793439
2881563687606789146,2881563687606789146
2881800103741262539,2881800103741262539
2885494453946783544,2885494453946783544
2885532600075254246,2885532600075254246
2909190822676368140,2909190822676368140
2911069029933795055,2911069029933795055
29126177791368127,29126177791368127
2915450367586163098,2915450367586163098
2918241317222849667,2918241317222849667
2931144629666063749,2931144629666063749
2932915757376212056,2932915757376212056
2943721651851268922,2943721651851268922
2946721176255392241,2946721176255392241
2950390539554991091,2950390539554991091
2950998234396077884,2950998234396077884
2951126427950371436,2951126427950371436
2954980722539807624,2954980722539807624
2983020501830288131,2983020501830288131
2984651282444277303,2984651282444277303
2996554319094075091,2996554319094075091
301050936177106643,301050936177106643
3012145003685914792,3012145003685914792
3013135583927159285,3013135583927159285
3014144278827415878,3014144278827415878
3017191312283187486,3017191312283187486
3018198590354391726,3018198590354391726
3041552916246347858,3041552916246347858
3053623019803583762,3053623019803583762
3063579646876627854,3063579646876627854
3067410318795394573,3067410318795394573
3069023388405636045,3069023388405636045
3075850020924245425,3075850020924245425
3086611246784103040,3086611246784103040
3090526523743089066,3090526523743089066
3090905164486723158,3090905164486723158
3092406085459911333,3092406085459911333
3095361752207174592,3095361752207174592
3110627605016795050,3110627605016795050
3112550555093533731,3112550555093533731
3117188141585771376,3117188141585771376
3122116097414598831,3122116097414598831
3137967045407554424,3137967045407554424
3143622463599200821,3143622463599200821
3143951133751003796,3143951133751003796
3145228876305686498,3145228876305686498
3164845041298632294,3164845041298632294
3176133568656391371,3176133568656391371
3178809921799163897,3178809921799163897
318185059322185582,318185059322185582
3188647885340686945,3188647885340686945
3196193011438272650,3196193011438272650
3203765835316928990,3203765835316928990
3208090100607822421,3208090100607822421
3208622992339938070,3208622992339938070
3208746175566793902,3208746175566793902
321379772433359529,321379772433359529
3215201898455617135,3215201898455617135
32215722736760073,32215722736760073
3236515170680423513,3236515170680423513
3240250133100750225,3240250133100750225
3252474061644980824,3252474061644980824
3254343898875626450,3254343898875626450
327138106289624111,327138106289624111
3290348629615126856,3290348629615126856
3291994638114729794,3291994638114729794
3294739078916774877,3294739078916774877
3321443290134231376,3321443290134231376
3325974994243686504,3325974994243686504
3330806776940990039,3330806776940990039
3339829879818567074,3339829879818567074
3342952630435971340,3342952630435971340
3360052607168056147,3360052607168056147
3363106899802617199,3363106899802617199
3365607167504476782,3365607167504476782
3374558763702625674,3374558763702625674
3376106492196800253,3376106492196800253
338547668557057003,338547668557057003
3388816584966903485,3388816584966903485
3396954027813296885,3396954027813296885
3418545398543234785,3418545398543234785
342051722557165836,342051722557165836
3429878571254432859,3429878571254432859
3433640446266156709,3433640446266156709
3443190711998627303,3443190711998627303
3453358460153396802,3453358460153396802
3469731708053389303,3469731708053389303
3474522205926780676,3474522205926780676
3504807467917231326,3504807467917231326
3509811587096087026,3509811587096087026
3510323521463206414,3510323521463206414
3538424292254302732,3538424292254302732
3539223329166430762,3539223329166430762
3547909506638247422,3547909506638247422
3551692870820401274,3551692870820401274
3581570239879693107,3581570239879693107
3582208245340496655,3582208245340496655
358912706114702543,358912706114702543
3607635116599610346,3607635116599610346
3621332169546738581,3621332169546738581
3623967139320272456,3623967139320272456
3634517837840770289,3634517837840770289
3636314417455768429,3636314417455768429
3643744532260280165,3643744532260280165
3647742167134134135,3647742167134134135
3654839257823007988,3654839257823007988
3657130313415218006,3657130313415218006
3658310249866494111,3658310249866494111
3671914650515373504,3671914650515373504
3678431816392786011,3678431816392786011
3689164863900499247,3689164863900499247
3691994306838185967,3691994306838185967
3692687686447304821,3692687686447304821
3699528210201998032,3699528210201998032
3704292229407198199,3704292229407198199
3708935837542309419,3708935837542309419
3709268196583756076,3709268196583756076
3712796793606698514,3712796793606698514
3715112477450903983,3715112477450903983
3717551995677690866,3717551995677690866
3723105787184208989,3723105787184208989
372888399898956424,372888399898956424
3731242469275996945,3731242469275996945
3744601534158150892,3744601534158150892
3747634760257050625,3747634760257050625
3748900601489081744,3748900601489081744
3749955659682163918,3749955659682163918
3750915909384717553,3750915909384717553
377156331362343765,377156331362343765
3780165145288251341,3780165145288251341
380049514469676561,380049514469676561
3805782215071013962,3805782215071013962
3823682577384928931,3823682577384928931
3831442499601020917,3831442499601020917
3841168218085671004,3841168218085671004
3847451246580660384,3847451246580660384
3848985133141267808,3848985133141267808
3854252538003740454,3854252538003740454
3871168117449033766,3871168117449033766
3895040015263667496,3895040015263667496
3904163061532433784,3904163061532433784
3921630963845637295,3921630963845637295
3927229924072774117,3927229924072774117
3943346969528760822,3943346969528760822
3946133413693667898,3946133413693667898
3956352456969156999,3956352456969156999
3964234850501479320,3964234850501479320
3967357981049258222,3967357981049258222
3968193716527356224,3968193716527356224
3983530647394538898,3983530647394538898
3984442161560477773,3984442161560477773
4003210588220560087,4003210588220560087
4003922841114188330,4003922841114188330
4023549138443236519,4023549138443236519
4033605576864137513,4033605576864137513
4046122896301126795,4046122896301126795
4060242104469900323,4060242104469900323
4078645827569562721,4078645827569562721
4083019061390945801,4083019061390945801
4084008170407717084,4084008170407717084
4090140120419692273,4090140120419692273
4092852724855156952,4092852724855156952
4094475966486592465,4094475966486592465
4103502632594061426,4103502632594061426
4117687921360043960,4117687921360043960
4137500958238411977,4137500958238411977
4146165486296707955,4146165486296707955
4160773501859536918,4160773501859536918
4173716697274241288,4173716697274241288
4179233960954119191,4179233960954119191
4180188963550502192,4180188963550502192
4188717322693962557,4188717322693962557
4195540780481517421,4195540780481517421
4213328707789691983,4213328707789691983
4224632360667029973,4224632360667029973
4243593854631747035,4243593854631747035
4243795690884774730,4243795690884774730
4245116801723562850,4245116801723562850
4253167879539402761,4253167879539402761
4254549567660916935,4254549567660916935
4261223213233370818,4261223213233370818
4263819484970406459,4263819484970406459
4271179498143012550,4271179498143012550
4305993870979863936,4305993870979863936
4311238812796857205,4311238812796857205
4322418480062003171,4322418480062003171
432652365524378351,432652365524378351
4330395375183742988,4330395375183742988
4331929802073546152,4331929802073546152
4335909207694703594,4335909207694703594
4343193839895179950,4343193839895179950
4351475353906132036,4351475353906132036
4355842021902460453,4355842021902460453
4357110822362683484,4357110822362683484
4360258063804291855,4360258063804291855
436454082651303930,436454082651303930
4369436905750026597,4369436905750026597
4371605245807992915,4371605245807992915
4372645269782456051,4372645269782456051
437805829173356909,437805829173356909
4378167098820908026,4378167098820908026
4387535074075851985,4387535074075851985
4390102869896754264,4390102869896754264
4394703535896825895,4394703535896825895
4398653938554976032,4398653938554976032
4400264429949424869,4400264429949424869
4400516764347652345,4400516764347652345
4406066657091690080,4406066657091690080
4408613673554325590,4408613673554325590
4412598145423129458,4412598145423129458
4412723953468820,4412723953468820
4419749134409478984,4419749134409478984
4419884094650549604,4419884094650549604
4425265163854490878,4425265163854490878
4437348151524962052,4437348151524962052
4445414536332350893,4445414536332350893
4445486391048791976,4445486391048791976
4473815350333383230,4473815350333383230
4475200056594442537,4475200056594442537
4479204906566593012,4479204906566593012
4479969245988935531,4479969245988935531
4486700131549001634,4486700131549001634
449324996249956931,449324996249956931
4511886464004264368,4511886464004264368
4512693874897403327,4512693874897403327
4515624309085767843,4515624309085767843
4518858326369518636,4518858326369518636
4528181689946869036,4528181689946869036
4579429851411222599,4579429851411222599
4601796255063569504,4601796255063569504
4603351248964464717,4603351248964464717
4606259733863392158,4606259733863392158
4613599007624227367,4613599007624227367
4630815400351703011,4630815400351703011
4643634956710329040,4643634956710329040
4647432740767957595,4647432740767957595
4658775868217007271,4658775868217007271
4662636629682536273,4662636629682536273
466631214890057978,466631214890057978
4675702646454929414,4675702646454929414
4689404925273852174,4689404925273852174
4691624025415407579,4691624025415407579
4710044269753958760,4710044269753958760
4714191774621532792,4714191774621532792
472074943390342772,472074943390342772
4722219938360635586,4722219938360635586
4728176952992060410,4728176952992060410
4733626136191493251,4733626136191493251
4759329824637202799,4759329824637202799
4787248981387457288,4787248981387457288
4790982106119552521,4790982106119552521
4791832248626215764,4791832248626215764
4802257288145622028,4802257288145622028
4808536315235466702,4808536315235466702
4812024602018016914,4812024602018016914
481237605686046673,481237605686046673
4821211786472588392,4821211786472588392
4853448957567824472,4853448957567824472
4858112882706667577,4858112882706667577
4868414385030744054,4868414385030744054
4884697209126749484,4884697209126749484
490094761708499003,490094761708499003
4922292257272248253,4922292257272248253
4932721160962900329,4932721160962900329
494069569416457571,494069569416457571
4952157938125970097,4952157938125970097
4955247184520305386,4955247184520305386
4957661839129943844,4957661839129943844
4966003985903145767,4966003985903145767
4972807190463246939,4972807190463246939
4982164630180676118,4982164630180676118
499595906032193250,499595906032193250
4999357551622518782,4999357551622518782
5006784679268991334,5006784679268991334
500799075169081721,500799075169081721
5008317155188661279,5008317155188661279
501377902872702733,501377902872702733
5029252843121611685,5029252843121611685
5029292663370971860,5029292663370971860
5041049941421788035,5041049941421788035
5049069593905515465,5049069593905515465
5060109278837791570,5060109278837791570
5061533311754812852,5061533311754812852
5065120740865216584,5065120740865216584
5077890811888892509,5077890811888892509
5080331190321931512,5080331190321931512
5083933201674539037,5083933201674539037
5084971287437166750,5084971287437166750
5087113740176482947,5087113740176482947
5094922360759204340,5094922360759204340
509805882404401120,509805882404401120
5108268343028836081,5108268343028836081
5116445043425152388,5116445043425152388
5121708829470651616,5121708829470651616
5131485189888957258,5131485189888957258
5144986726822187254,5144986726822187254
5149503227168151489,5149503227168151489
5151969758113944172,5151969758113944172
5155421435030974369,5155421435030974369
5159875623089700992,5159875623089700992
5167558821690500838,5167558821690500838
5168178923047420162,5168178923047420162
5175896955871690995,5175896955871690995
5180415758180948919,5180415758180948919
5192740613940003290,5192740613940003290
5195956580453629968,5195956580453629968
5196721180017504780,5196721180017504780
5198768677372872830,5198768677372872830
5216580915342290921,5216580915342290921
5229998228856629030,5229998228856629030
5230756173295650622,5230756173295650622
5234538313338651706,5234538313338651706
5238223991127057243,5238223991127057243
5285333940524881110,5285333940524881110
5294524739714439513,5294524739714439513
5305472029403828215,5305472029403828215
5313934004902806834,5313934004902806834
5318567021883184965,5318567021883184965
5321444005406602005,5321444005406602005
5329515953637143482,5329515953637143482
5348455229315968283,5348455229315968283
5349664967692092360,5349664967692092360
5356788452331829702,5356788452331829702
5368065540133623667,5368065540133623667
5384376490386375134,5384376490386375134
5390395747717867186,5390395747717867186
5405100202335323612,5405100202335323612
5418687642172585091,5418687642172585091
54196143559556345,54196143559556345
543134010537652996,543134010537652996
5437942470890304983,5437942470890304983
5449549998302731940,5449549998302731940
5458399393372083466,5458399393372083466
5463563553564158206,5463563553564158206
5464451393114273453,5464451393114273453
5471549073114028257,5471549073114028257
5475067539758198031,5475067539758198031
5492205319744669183,5492205319744669183
5492496208985106405,5492496208985106405
5501085407616994914,5501085407616994914
5501173883106601334,5501173883106601334
5501202984372643646,5501202984372643646
5516177789223092886,5516177789223092886
5520627349516211717,5520627349516211717
553980567098691030,553980567098691030
5546494702709649559,5546494702709649559
5564393184373654961,5564393184373654961
5572898231985685756,5572898231985685756
5574973791951929840,5574973791951929840
5578936999775677805,5578936999775677805
5591043922886163353,5591043922886163353
5594870589877900787,5594870589877900787
5604349510870391309,5604349510870391309
561164110368145592,561164110368145592
5616591115081354313,5616591115081354313
5616599148020452241,5616599148020452241
5619189570338497787,5619189570338497787
5620121164579982174,5620121164579982174
5620492941166500687,5620492941166500687
5625312043461010080,5625312043461010080
5633185459999210883,5633185459999210883
5663140154137670241,5663140154137670241
5672807840809304256,5672807840809304256
5675859605353874785,5675859605353874785
5721117238038410929,5721117238038410929
573184257026290729,573184257026290729
5750044981800659885,5750044981800659885
5750408325933509565,5750408325933509565
5778080026726595462,5778080026726595462
5798943586523985862,5798943586523985862
58057340875182873,58057340875182873
5821985892006658480,5821985892006658480
5822833095929431835,5822833095929431835
5823548052065362063,5823548052065362063
5823888523820048605,5823888523820048605
582396577579352897,582396577579352897
5836109972278072245,5836109972278072245
5848644505156065079,5848644505156065079
5858811731600986386,5858811731600986386
5866617554655456624,5866617554655456624
5879547750578434697,5879547750578434697
5885243975634994232,5885243975634994232
5888013938406458492,5888013938406458492
5888201440594259485,5888201440594259485
5905738405687964500,5905738405687964500
5928409055925214383,5928409055925214383
5928642607536064722,5928642607536064722
5935984262245451771,5935984262245451771
5939609344733184895,5939609344733184895
5949014729849793727,5949014729849793727
5950445944368105690,5950445944368105690
5952209304704561301,5952209304704561301
5964170851891112886,5964170851891112886
5965810929665862675,5965810929665862675
5991403700364716618,5991403700364716618
6010418849270405108,6010418849270405108
6011611840325816425,6011611840325816425
6012528092452423593,6012528092452423593
6018668467404154283,6018668467404154283
6021740070945720543,6021740070945720543
6024326512888892462,6024326512888892462
6028848881254661483,6028848881254661483
6040739215063808808,6040739215063808808
6044016723213497684,6044016723213497684
6045991176621342437,6045991176621342437
6056143166554244360,6056143166554244360
6059382884850364831,6059382884850364831
6059631171192779182,6059631171192779182
6069165527903326876,6069165527903326876
6069921568475902975,6069921568475902975
6078672969967904185,6078672969967904185
6080787630169421240,6080787630169421240
6089292659596732734,6089292659596732734
6093644462148385093,6093644462148385093
6109768725190960213,6109768725190960213
6110378104652842835,6110378104652842835
6124694987917876204,6124694987917876204
6136175755200217228,6136175755200217228
613626059489180819,613626059489180819
6140824698912099150,6140824698912099150
6158303455612677652,6158303455612677652
6167982605962614687,6167982605962614687
6170652478735998482,6170652478735998482
6171665944510942640,6171665944510942640
6178006839266336999,6178006839266336999
6184086545799032529,6184086545799032529
6185423068560691158,6185423068560691158
6195584772140758913,6195584772140758913
6197212855416164898,6197212855416164898
6198261104858260545,6198261104858260545
6205705947119629314,6205705947119629314
6206219500671348756,6206219500671348756
6206479270741756748,6206479270741756748
6229684078123110884,6229684078123110884
6250418457306716230,6250418457306716230
6269113284938645662,6269113284938645662
6274198604140374346,6274198604140374346
6281240617363234987,6281240617363234987
6281757369307983190,6281757369307983190
6282523086381301057,6282523086381301057
6282964266877719539,6282964266877719539
6291659023887040658,6291659023887040658
6292982075434211241,6292982075434211241
6293261198841485589,6293261198841485589
6304055150398963121,6304055150398963121
6305554465432434006,6305554465432434006
6312259954706325108,6312259954706325108
6321573551893179605,6321573551893179605
6345386713487866063,6345386713487866063
6348193983142223712,6348193983142223712
6349345853882064326,6349345853882064326
6355281249985088018,6355281249985088018
6355399047098872948,6355399047098872948
6363228363923631034,6363228363923631034
6365179147841141708,6365179147841141708
6369262226210145002,6369262226210145002
6369489170734057610,6369489170734057610
6378653500496731166,6378653500496731166
6400942123955643559,6400942123955643559
6405082312775097326,6405082312775097326
6409067810918024117,6409067810918024117
6422043869224108529,6422043869224108529
6434661061328057728,6434661061328057728
6443290532299612199,6443290532299612199
6448828991881218467,6448828991881218467
6455811154200982634,6455811154200982634
6484873833912423474,6484873833912423474
6494162434861760586,6494162434861760586
6502255769370745100,6502255769370745100
6513954483992545066,6513954483992545066
6514236793534965586,6514236793534965586
6520296296115385777,6520296296115385777
6524134148985027914,6524134148985027914
6525941037485522257,6525941037485522257
6536913388409918996,6536913388409918996
6555132617641673332,6555132617641673332
6555582581525798621,6555582581525798621
6560740724991111011,6560740724991111011
6562096869965414442,6562096869965414442
657177909808168222,657177909808168222
6592243105700985464,6592243105700985464
6603617026753040042,6603617026753040042
6607528140913903843,6607528140913903843
660862889304655350,660862889304655350
6637156076461445356,6637156076461445356
6659598668770736109,6659598668770736109
6680922198877610867,6680922198877610867
6690348785727503109,6690348785727503109
67078590125816662,67078590125816662
6715125405150550000,6715125405150550000
6721726665923836169,6721726665923836169
6722304131865186405,6722304131865186405
6723655462459515551,6723655462459515551
6723954043273503408,6723954043273503408
6724147419837688344,6724147419837688344
6732911951629186181,6732911951629186181
6736624431758158024,6736624431758158024
6750259309082667474,6750259309082667474
6758473419753151513,6758473419753151513
6761380464454481436,6761380464454481436
6766440987511293248,6766440987511293248
6766477717882855356,6766477717882855356
6769800409989415145,6769800409989415145
6771736590481033829,6771736590481033829
6777698030112954205,6777698030112954205
6787142396590177587,6787142396590177587
6788148848297282881,6788148848297282881
6806961322629484189,6806961322629484189
6812863777948737368,6812863777948737368
6816049695687035088,6816049695687035088
68189682890172881,68189682890172881
682780291713480795,682780291713480795
6832205844521324077,6832205844521324077
683749979430819436,683749979430819436
6839098975759683040,6839098975759683040
6849115087772655811,6849115087772655811
6852063479001271081,6852063479001271081
6852221903343035726,6852221903343035726
6853314337868913477,6853314337868913477
6855266896413171411,6855266896413171411
6859499698681384067,6859499698681384067
6880361543307678637,6880361543307678637
6887238530822035597,6887238530822035597
6894641142432171816,6894641142432171816
6895998073792724448,6895998073792724448
6896851700027050977,6896851700027050977
6912104436127626503,6912104436127626503
6913308437496426820,6913308437496426820
6921692460670498746,6921692460670498746
6923282669038939796,6923282669038939796
692902326305965167,692902326305965167
69343795759672691,69343795759672691
694227173378450152,694227173378450152
6944305425740170085,6944305425740170085
6947333164666933259,6947333164666933259
6948403940313970069,6948403940313970069
6961751835275775745,6961751835275775745
6963844053352336175,6963844053352336175
6964851699143428380,6964851699143428380
6989693925224102595,6989693925224102595
6992130505470427408,6992130505470427408
7004771832155081701,7004771832155081701
7012578168040716860,7012578168040716860
7012947479125714733,7012947479125714733
7015924581173774115,7015924581173774115
7040380367899456179,7040380367899456179
7049827227058584253,7049827227058584253
705075668742292838,705075668742292838
706774205138014807,706774205138014807
7075894205194783682,7075894205194783682
7076719287604901647,7076719287604901647
7084117563527054146,7084117563527054146
7088366553128480486,7088366553128480486
7099871715762718701,7099871715762718701
7112347220336295842,7112347220336295842
7116139808006071205,7116139808006071205
7128395003217496910,7128395003217496910
7130820665928597421,7130820665928597421
7131007497694914006,7131007497694914006
7134127027050916686,7134127027050916686
7149091954145838288,7149091954145838288
7164991899850612491,7164991899850612491
7179421950671580605,7179421950671580605
718008719852025829,718008719852025829
7190510592155191535,7190510592155191535
7201938655029707590,7201938655029707590
7210852429478036235,7210852429478036235
7219063455918308118,7219063455918308118
722102379184132513,722102379184132513
7226922075208186137,7226922075208186137
7232332725525169921,7232332725525169921
7238128971921505915,7238128971921505915
7247302473029407786,7247302473029407786
7249596088121933526,7249596088121933526
7257727743849519202,7257727743849519202
7261320685388340494,7261320685388340494
7266955082438548308,7266955082438548308
7271453865292021153,7271453865292021153
7273970297530946794,7273970297530946794
7276040860089452243,7276040860089452243
7277453436350036144,7277453436350036144
7291399160864472859,7291399160864472859
7293082926713187527,7293082926713187527
729848051259033633,729848051259033633
7310453921093187072,7310453921093187072
7316322207447478834,7316322207447478834
7330681071992309141,7330681071992309141
7333762134040236952,7333762134040236952
7337265410784808166,7337265410784808166
733786012808498211,733786012808498211
734449358041989507,734449358041989507
7349298474170981695,7349298474170981695
7350114786816062922,7350114786816062922
7350613164084510570,7350613164084510570
7353983838335813703,7353983838335813703
7357677556032196075,7357677556032196075
7360925823503569001,7360925823503569001
736434896155533696,736434896155533696
738312903249694217,738312903249694217
7398886184586006462,7398886184586006462
7404750803033185862,7404750803033185862
7409756843368168185,7409756843368168185
7411830074813145131,7411830074813145131
7429522842516678806,7429522842516678806
7430519272096628359,7430519272096628359
743494445975225156,743494445975225156
7435279115544488291,7435279115544488291
7442501439902626972,7442501439902626972
7454980531520921958,7454980531520921958
7456978639713416096,7456978639713416096
7458774830100745802,7458774830100745802
746284158414524277,746284158414524277
7468612836850039671,7468612836850039671
7468783952334219689,7468783952334219689
7471549096842221412,7471549096842221412
7477990708986752617,7477990708986752617
7484850035731575477,7484850035731575477
7485985829916094659,7485985829916094659
7488256750616543958,7488256750616543958
7489692162662762451,7489692162662762451
7493642756967738665,7493642756967738665
7494655919037498092,7494655919037498092
7509790977085743461,7509790977085743461
7510948359713380004,7510948359713380004
751279906781635308,751279906781635308
7516320191429848087,7516320191429848087
7529113979833244676,7529113979833244676
7538792726930722117,7538792726930722117
7557021345246776594,7557021345246776594
7558555029801785569,7558555029801785569
756813691021566258,756813691021566258
7580797341838262430,7580797341838262430
758547942975885333,758547942975885333
7607554286985145908,7607554286985145908
7614374530847595036,7614374530847595036
7614851037070516290,7614851037070516290
7615020564525630858,7615020564525630858
7616526031684130591,7616526031684130591
7616583916714713041,7616583916714713041
7624850858702458999,7624850858702458999
7638474871360107189,7638474871360107189
7640461092885902648,7640461092885902648
7647928777618450836,7647928777618450836
7649199675119528811,7649199675119528811
7654469422541254938,7654469422541254938
7680467416133489786,7680467416133489786
7680487342108727337,7680487342108727337
7682173883859038610,7682173883859038610
7683503934391902619,7683503934391902619
7684318605783955019,7684318605783955019
7688735674171962163,7688735674171962163
769890112600581329,769890112600581329
7703754899429880332,7703754899429880332
7719222403338058439,7719222403338058439
7720694382202603372,7720694382202603372
7721230703467084181,7721230703467084181
7768673721702926704,7768673721702926704
7777593234255337285,7777593234255337285
7778680682222275113,7778680682222275113
7790396769119148384,7790396769119148384
7792038122286367720,7792038122286367720
7804646249618550587,7804646249618550587
7827066501977192324,7827066501977192324
7839411650763523273,7839411650763523273
7858856296819179041,7858856296819179041
7863357596853023458,7863357596853023458
787262520333464727,787262520333464727
7873604223687031024,7873604223687031024
7874970531945577495,7874970531945577495
7883662257384043180,7883662257384043180
7901220318484831203,7901220318484831203
7904357502285617783,7904357502285617783
7908880080448788366,7908880080448788366
7909270298143265585,7909270298143265585
7912820850289189310,7912820850289189310
7920533040764780460,7920533040764780460
792978707203330758,792978707203330758
7931903609705669861,7931903609705669861
7936363858513663851,7936363858513663851
7937459008767886113,7937459008767886113
7938849763508672770,7938849763508672770
7945058420112463176,7945058420112463176
7945803057802905507,7945803057802905507
7959547261715735864,7959547261715735864
7991802529559880076,7991802529559880076
7995828720281899646,7995828720281899646
8026323619734410949,8026323619734410949
8027655378717610054,8027655378717610054
8030871950897752168,8030871950897752168
8033668203201233700,8033668203201233700
803908928204405412,803908928204405412
8064742034265738363,8064742034265738363
8081445194953918218,8081445194953918218
8103496042926739049,8103496042926739049
8107767408604221428,8107767408604221428
8107970187732560941,8107970187732560941
8108126435804701166,8108126435804701166
812594206355375705,812594206355375705
8133925060133313314,8133925060133313314
8134288348011935112,8134288348011935112
8135346975378497492,8135346975378497492
8142111995005234568,8142111995005234568
8150491527036799350,8150491527036799350
8152746982632447539,8152746982632447539
8156405516182233757,8156405516182233757
8161150369822820764,8161150369822820764
8188262119381913927,8188262119381913927
820099453656057530,820099453656057530
8203748024855725837,8203748024855725837
8205832169569378488,8205832169569378488
8215399318859210234,8215399318859210234
8223237429080130454,8223237429080130454
8232581481426789865,8232581481426789865
8233652190076950996,8233652190076950996
8255257936952183218,8255257936952183218
826822718370810685,826822718370810685
827241588001927958,827241588001927958
827358936123617127,827358936123617127
8274145475671020955,8274145475671020955
8286459542630398390,8286459542630398390
8300876158148301494,8300876158148301494
8325482014732863052,8325482014732863052
8326999408469606078,8326999408469606078
8331638340327998107,8331638340327998107
8339867041953732421,8339867041953732421
8350987527644010930,8350987527644010930
8356506716899319667,8356506716899319667
8356530310922668531,8356530310922668531
8356627716092751598,8356627716092751598
835879849444348030,835879849444348030
8368792814333191509,8368792814333191509
8380909453212720473,8380909453212720473
8388480765981135299,8388480765981135299
8389444548896995468,8389444548896995468
839860028900872096,839860028900872096
8408932096629304823,8408932096629304823
8425969926711082617,8425969926711082617
8428470862451359879,8428470862451359879
8433288658427505177,8433288658427505177
8435082854766127934,8435082854766127934
8449524010908739847,8449524010908739847
8457205067412182229,8457205067412182229
8464220019499223825,8464220019499223825
8469379129350387027,8469379129350387027
8481483526424611339,8481483526424611339
8491463974581733011,8491463974581733011
849428548042870385,849428548042870385
850196512341262036,850196512341262036
850469693266336895,850469693266336895
8506108961770705921,8506108961770705921
8521206851691810112,8521206851691810112
8553102895550351030,8553102895550351030
8566231394593927065,8566231394593927065
8575929837655253905,8575929837655253905
8591567286505941168,8591567286505941168
8593332922025725811,8593332922025725811
8629994292549236404,8629994292549236404
8646868189663855550,8646868189663855550
8654634713504179563,8654634713504179563
8659754490331516460,8659754490331516460
8672270566838561289,8672270566838561289
8687177629521493976,8687177629521493976
8691237331234584720,8691237331234584720
870043415148961869,870043415148961869
8714423966115150415,8714423966115150415
8726746046976640991,8726746046976640991
8747922244768498861,8747922244768498861
8748830145740499499,8748830145740499499
8750043072077861716,8750043072077861716
875183078706570901,875183078706570901
8754505043444291625,8754505043444291625
8763471979636676108,8763471979636676108
8766061599897288454,8766061599897288454
8770259413597911784,8770259413597911784
878884646198956867,878884646198956867
8796126161838633353,8796126161838633353
88138260525524946,88138260525524946
882245259286974951,882245259286974951
8848912292098874903,8848912292098874903
8862701708235295031,8862701708235295031
8864283108051709058,8864283108051709058
8873757618313126427,8873757618313126427
8880078327069082809,8880078327069082809
888032914295564131,888032914295564131
8887583068825604169,8887583068825604169
8908426149773612487,8908426149773612487
8908717881505916884,8908717881505916884
8911328844496122443,8911328844496122443
8912867764291661088,8912867764291661088
8912930709786766646,8912930709786766646
8926714609212331800,8926714609212331800
8936699674847693017,8936699674847693017
8940514330517655512,8940514330517655512
8949423838793623768,8949423838793623768
8951961758486879555,8951961758486879555
8952812829623864209,8952812829623864209
8957344036260647164,8957344036260647164
8976807814315020296,8976807814315020296
8977143587871605345,8977143587871605345
8987606742754547418,8987606742754547418
90176002794049765,90176002794049765
9026163015319879330,9026163015319879330
9027490383174391109,9027490383174391109
9033489324761557496,9033489324761557496
9043811420273802189,9043811420273802189
9046997740754422958,9046997740754422958
9050034245619004236,9050034245619004236
9060884981432573034,9060884981432573034
9096006928794070986,9096006928794070986
9098275692895047603,9098275692895047603
9104148867539685627,9104148867539685627
9107856711420192238,9107856711420192238
9109917907690336524,9109917907690336524
9119148906517025055,9119148906517025055
9156497117092816879,9156497117092816879
9176311706518877402,9176311706518877402
9179601499606055193,9179601499606055193
9180225556015057997,9180225556015057997
9184451675078265717,9184451675078265717
9185591131638423990,9185591131638423990
9195387807777571039,9195387807777571039
9197415325546819649,9197415325546819649
9204778000182742044,9204778000182742044
9207569286939500686,9207569286939500686
9208558894446298015,9208558894446298015
9211217578807466030,9211217578807466030
9214586999335261857,9214586999335261857
9214657046652689601,9214657046652689601
9215585587088696380,9215585587088696380
9215614872575238339,9215614872575238339
9220542102448973392,9220542102448973392
931085533207658657,931085533207658657
933365833581699618,933365833581699618
938492003046470468,938492003046470468
943231420707910985,943231420707910985
948826582799796440,948826582799796440
951880693598956737,951880693598956737
976151632742498908,976151632742498908
993511667839847888,993511667839847888
995504247171733398,995504247171733398
